-----------NAIVE BAYES-----------
0.6471103327495622
              precision    recall  f1-score   support

           0       0.57      0.64      0.60       639
           1       0.74      0.61      0.67       629
           2       0.62      0.52      0.56       631
           3       0.60      0.77      0.67       671
           4       0.69      0.60      0.65       620
           5       0.81      0.87      0.84       236

    accuracy                           0.65      3426
   macro avg       0.67      0.67      0.67      3426
weighted avg       0.65      0.65      0.65      3426

Normalized confusion matrix
[[0.63849765 0.13928013 0.06416275 0.09546166 0.03755869 0.02503912]
 [0.18282989 0.61208267 0.03656598 0.12082671 0.03656598 0.01112878]
 [0.11727417 0.03803487 0.51980983 0.16798732 0.13946117 0.01743265]
 [0.10879285 0.01043219 0.06706408 0.76751118 0.03874814 0.00745156]
 [0.06612903 0.02096774 0.15       0.14516129 0.60483871 0.01290323]
 [0.04661017 0.00423729 0.00847458 0.04661017 0.02118644 0.87288136]]
-----------MLP-----------
0.9987592146558645
0.7492702860478693
              precision    recall  f1-score   support

           0       0.66      0.70      0.68       639
           1       0.70      0.74      0.72       629
           2       0.75      0.76      0.76       631
           3       0.85      0.76      0.80       671
           4       0.74      0.73      0.73       620
           5       0.93      0.90      0.91       236

    accuracy                           0.75      3426
   macro avg       0.77      0.76      0.77      3426
weighted avg       0.75      0.75      0.75      3426

Normalized confusion matrix
[[0.70109546 0.17527387 0.03755869 0.03755869 0.03912363 0.00938967]
 [0.17329094 0.73926868 0.04133545 0.0127186  0.0317965  0.00158983]
 [0.02852615 0.03169572 0.76386688 0.0459588  0.12995246 0.        ]
 [0.10283159 0.03576751 0.04918033 0.75558867 0.0461997  0.01043219]
 [0.03870968 0.06451613 0.12096774 0.04193548 0.73064516 0.00322581]
 [0.05084746 0.01694915 0.01271186 0.00847458 0.01271186 0.89830508]]
-----------KNN-----------
0.7596525801036421
0.5974897840046701
              precision    recall  f1-score   support

           0       0.42      0.70      0.52       639
           1       0.60      0.57      0.59       629
           2       0.63      0.70      0.66       631
           3       0.84      0.59      0.70       671
           4       0.70      0.44      0.54       620
           5       0.66      0.54      0.59       236

    accuracy                           0.60      3426
   macro avg       0.64      0.59      0.60      3426
weighted avg       0.64      0.60      0.60      3426

Normalized confusion matrix
[[0.70266041 0.12206573 0.05633803 0.05790297 0.01564945 0.04538341]
 [0.2845787  0.57392687 0.07154213 0.00953895 0.03656598 0.02384738]
 [0.11093502 0.06339144 0.69572108 0.01426307 0.10618067 0.00950872]
 [0.26080477 0.0461997  0.07600596 0.59314456 0.01788376 0.00596125]
 [0.20645161 0.10967742 0.19193548 0.03225806 0.44032258 0.01935484]
 [0.30084746 0.1059322  0.02542373 0.01694915 0.01271186 0.53813559]]